3.978546
3.993375
4.007549
4.008698
4.041391
4.008666
3.999848
4.000000
4.009379
4.007854
4.064123
4.577051
4.970271
5.001282
5.012476
5.000000
5.000000
5.000000
5.023396
5.179812
3.329668
3.429552
3.541847
3.548567
3.667689
3.581524
3.511503
3.575040
3.888331
4.041610
4.000002
3.761237
3.937505
4.238944
4.604445
4.907391
5.000000
5.000000
5.000000
4.993913
3.000000
3.000000
3.000728
3.000875
3.001421
3.002260
3.000200
3.006339
3.095132
3.345835
3.350212
3.020935
3.106523
3.781041
3.958617
4.407782
4.949804
4.860940
4.545907
4.253270
3.000000
2.998739
2.978338
2.966892
2.974109
2.999799
3.000000
3.000000
3.000000
3.008790
3.014423
3.000000
3.209816
3.671537
3.367804
3.308629
3.823545
3.524629
3.125957
3.042140
2.621097
2.653105
2.385091
2.275697
2.523888
2.852669
2.846845
2.891693
2.982949
2.999871
2.999899
3.000000
3.036287
3.040254
2.973223
2.947812
2.951363
2.942157
2.990984
2.981218
2.011185
2.017252
2.004124
2.000000
2.056839
2.108740
2.135256
2.203384
2.586761
2.562689
2.586722
2.870161
2.878646
2.611243
2.324284
2.232455
2.227559
2.247401
2.416823
2.429470
1.990581
1.976705
1.999841
2.000000
2.000000
2.000000
2.000000
2.001235
2.015252
2.006462
1.999549
2.077858
2.109055
1.819504
1.662616
1.765795
1.812869
1.897326
1.995974
1.969564
1.564915
1.406907
1.825247
1.980721
1.993458
1.969486
1.964960
1.945020
1.966657
1.972039
1.625374
1.219176
1.272627
1.157705
1.061715
1.025708
1.086151
1.339628
1.450220
1.295959
1.023108
1.006014
1.444350
1.446220
1.496967
1.334941
1.279544
1.226306
1.319758
1.453390
1.050756
0.919237
0.886288
0.856024
0.773946
0.712970
0.797692
0.993932
0.997545
0.997182
0.403396
0.513871
0.713780
0.740750
0.680183
0.783524
0.696746
0.626676
0.632537
0.893862
0.541812
0.118337
-0.224525
-0.463218
-0.280625
0.032552
0.036931
0.530939
0.391758
0.237185
-0.947319
-0.896661
-0.815173
-0.754212
-0.775865
-0.557180
-0.326894
-0.286104
-0.136749
-0.087607
-0.498790
-0.830605
-0.971107
-0.999379
-0.945761
-0.726635
-0.832687
-0.685714
-0.762471
-0.925377
-1.325508
-1.412618
-1.234312
-1.113222
-1.127594
-1.049627
-1.016535
-0.966387
-0.852666
-0.904613
-1.000228
-1.010156
-1.015402
-1.064633
-1.165949
-0.950831
-1.032236
-1.004316
-1.000000
-1.000000
-1.930154
-2.014117
-1.942767
-1.854482
-1.862298
-1.764604
-1.685353
-1.545864
-1.445804
-1.419746
-1.611691
-1.597382
-1.631455
-1.778071
-1.904068
-1.791883
-1.574172
-1.206179
-1.120771
-1.099983
-2.542104
-2.594734
-2.440255
-2.276075
-2.477319
-2.434620
-2.298563
-2.334647
-2.533295
-2.341217
-2.358094
-2.224536
-2.163074
-2.191851
-2.069789
-2.069875
-2.221458
-2.095135
-1.869178
-1.828473
-3.000686
-2.998435
-2.979904
-2.945131
-2.989160
-3.008681
-2.979521
-3.003212
-3.064952
-2.988979
-3.008372
-2.953314
-2.930876
-2.948102
-2.753737
-2.658971
-2.757243
-2.557441
-2.319705
-2.234868
-3.346358
-3.363843
-3.302457
-3.205854
-3.236606
-3.305864
-3.266624
-3.205961
-3.458711
-3.458702
-3.404859
-3.427651
-3.644439
-3.565310
-3.393693
-3.184705
-3.081936
-3.416798
-3.312911
-3.047511
-4.509917
-4.633491
-4.672372
-4.473329
-4.707781
-4.356629
-4.077492
-4.085189
-4.318627
-4.312324
-4.031621
-4.130227
-4.317186
-4.163825
-4.360963
-4.407125
-4.693372
-5.206382
-5.734337
-5.799142
-5.723855
-5.341918
-4.992310
-5.162947
-5.293323
-5.185275
-5.214918
-5.435060
-5.679597
-6.131294
-6.113729
-6.469979
-7.103363
-7.383196
-7.882327
-8.130095
-8.523395
-8.709632
-8.852386
-8.946659
-7.603334
-7.891112
-7.798690
-7.955915
-8.256311
-8.083801
-8.235330
-8.505580
-8.651319
-8.871178
-8.929726
-8.988756
-8.982551
-8.980278
-9.000000
-8.999999
-9.000000
-8.999999
-9.000000
-8.999998
-8.985759
-9.079201
-9.168806
-9.033612
-9.001443
-8.999998
-8.999998
-8.999998
-8.999998
-8.999998
-9.000267
-9.013441
-8.992566
-8.992355
-8.999998
-8.999998
-8.999998
-8.999998
-8.999998
-8.999997
